  Ear_x1				  Ear_y1


758.0				343.5

757.5				343.5

757.5				343.5

757.5				343.5

757.5				343.5
	
757.0				343.5

757.0				343.5

756.5				344.5

756.5				343.5

757.2				343.415924072

755.5				344.5

754.0				343.5

754.0				344.5

753.5				344.5

752.5				346.5

753.5				347.5

753.5				348.5

753.5				349.5

755.0				351.0

755.0				351.5

755.0				353.5

754.5				353.5
754.5				355.5

755.5				358.0

755.0				359.5

757.5				361.5

757.5				362.5

757.5				364.5

757.5				366.5

758.5				367.0

756.5				368.5

757.5				369.5

757.0				369.5

758.0				370.5

758.5				370.5

760.5				370.0

760.480102539			369.55960083
760.5			
370.0
761.5			370.0
762.0			
370.0
762.5			370.5
763.0			
370.5
764.356201172			371.931365967
764.5			
372.5
765.0			372.5
765.5			
372.5
766.0			373.0
767.5			
373.0
767.5			373.0
768.0			
374.5
767.5			373.5
769.5			
374.5
770.5			374.5
772.5			
375.0
772.5			375.5
772.5			
375.5
771.5			375.5
770.5			
375.5
772.0			375.0
771.5			
374.5
770.0			373.5
767.5			
372.0
765.5			371.5
765.0			
370.5
763.5			369.0
761.707946777			
367.584075928
762.5			367.0
760.5			
365.5
760.0			365.5
756.5			
363.5
758.5			363.5
758.5			
363.5
758.5			363.5
759.0			
363.5
759.5			363.5
758.5			362.0
759.0			362.5
759.5			362.5
761.5			363.5
763.0			363.5
763.5			364.0
764.0			364.0
766.5			365.0
768.5			365.0
768.0			365.5
768.5			365.0
770.0			365.0
769.5			365.5
769.0			365.5
769.5			365.5
770.5			365.5
771.5			365.5
770.5			365.5
771.5			367.5
771.5			366.0
771.5			366.0
771.5			365.5
771.0			365.5
771.0			365.5
767.707946777			363.584075928
767.0			363.5
763.0			361.5
758.0			360.5
755.5			359.5
750.5			358.5
747.5			357.5
742.0			355.5
737.5			354.0
733.0			352.5
729.91973877			351.240753174
726.5			350.0
723.5			348.5
718.5			346.5
717.0			346.5
713.5			344.5
709.5			344.0
703.5			342.5
699.0			341.5
693.5			340.5
688.5			339.5
683.0			338.5
677.5			339.0
673.5			339.0
667.0			339.0
662.5			339.5
657.5			339.5
651.5			339.0
646.0			339.0
640.5			338.5
634.5			337.5
629.5			337.5
624.5			337.5
621.0			338.0
617.0			338.0
613.0			339.5
608.5			339.5
604.5			339.5
599.5			339.5
597.5			339.5
593.5			339.5
591.5			339.5
590.5			341.0
588.5			341.5
588.5			341.5
590.5			341.5
593.5			341.5
595.5			341.5
600.5			341.5
604.774658203			341.901397705
610.5			342.5
614.5			342.5
619.5			342.5
624.5			342.5
630.0			343.5
635.5			344.5
640.5			344.5
644.0			344.5
647.5			344.5
656.0			346.0
658.5			346.5
663.0			346.5
669.5			347.5
674.5			348.5
681.0			349.5
686.0			350.5
691.0			351.5
696.5			351.5
700.592590332			352.222229004
707.0			353.5
715.0			355.5
719.0			355.5
725.0			357.5
729.0			357.5
735.0			359.5
742.0			361.0
747.0			362.5
753.0			363.5
760.0			365.5
765.5			367.0
772.0			368.5
778.0			370.5
783.5			370.5
788.5			370.0
795.0			370.5
804.0			372.5
810.5			373.5
818.0			373.5
826.5			375.5
833.5			375.5
840.5			376.5
846.5			377.5
851.5			377.5
855.5			377.5
857.5			376.5
860.5			376.5
863.0			375.5
861.307678223			374.384613037
861.5			373.0
860.5			372.5
860.0			371.0
856.5			369.5
854.5			369.0
850.0			367.5
846.5			366.5
843.5			365.5
839.5			365.5
834.5			364.0
830.807373047			363.385253906
826.0		362.0
822.0			360.5
818.5			360.0
812.5			358.5
807.5			357.5
800.5			356.0
794.5			355.5
785.117675781			352.764709473
777.117675781			350.764709473
771.307678223			350.384613037
762.5			348.5
753.5			346.5
747.0			345.5
739.0			344.5
732.0			343.5
724.5			342.5
715.5			341.0
709.5			340.5
704.5			340.5
696.5			339.5
691.0			339.5
685.29675293			338.906494141
679.5			338.5
673.5			338.5
668.5			338.5
663.5			338.5
658.5			337.5
654.5			337.5
648.5			337.5
644.5			337.5
640.5			337.5
634.5			335.5
629.5			335.5
625.5			335.5
620.5			335.5
616.5			335.5
611.5			335.5
607.5			335.5
603.5			335.5
600.5			336.0
598.5			336.5
597.5			337.5
597.5			338.5
598.5			339.5
600.5			341.5
604.5			343.5
605.5			344.5
609.5			345.5
612.5			347.5
616.5			349.5
621.0			351.5
625.0			354.5
630.5			356.5
632.0			358.5
636.932373047			361.27053833
639.0			363.5
641.5			365.5
647.0			369.0
650.0			371.0
652.5			372.5
656.5			374.5
658.5			375.0
663.5			377.0
666.043029785			378.870849609
669.0			381.5
671.5			382.5
674.0			384.5
677.5			387.5
681.0			389.5
683.5			391.5
688.5			394.5
691.5			396.5
694.5			398.5
696.5			400.5
699.5			401.5
701.5			403.5
702.5			404.5
705.5			406.5
707.5			408.5
708.5			408.5
710.5			408.5
710.5			409.0
713.5			409.0
715.0			410.0
714.5			410.0
715.5			409.0
716.5			409.0
717.5			407.5
720.5			407.5
723.5			408.5
723.5			409.5
725.526306152			409.947357178
725.5			410.5
726.5			410.5
729.5			410.5
729.526306152			409.947357178
731.5			409.5
733.0			408.5
733.421875			406.15625
734.5			403.0
733.0			398.5
733.421875			396.15625
733.526306152			393.947357178
731.911499023			390.736724854
730.739868164			388.3409729
731.411499023			386.738952637
730.279846191			385.871551514
729.5			384.5
727.985290527			383.191558838
726.91204834			382.409545898
727.5			381.5
726.0			380.304870605
725.5			379.5
726.5			378.5
724.038452148			377.653839111
724.180847168			377.606384277
724.08795166			376.590454102
723.0			376.5
721.0			376.5
721.5			374.5
720.5			374.5
719.5			373.5
718.5			372.5
717.0			372.5
715.5			372.0
714.5			372.0
714.5			371.850006104
714.5			371.5
714.5			371.625
714.5			371.549987793
711.5			371.5
710.0			370.5
710.5			369.5
708.5			368.5
706.752624512			367.71081543
706.5			367.825012207
706.5			368.5
706.351806641			369.259765625
706.251098633			370.115600586
705.533508301			370.28213501
706.099975586			370.5
705.5			370.5
704.099975586			370.5
702.799987793			370.0
701.647033691			370.0
701.324768066			370.350524902
702.101074219			370.680450439
701.12121582			370.757568359
701.5			370.914642334
701.12121582			370.757568359
701.025024414			370.950012207
700.5			371.0
702.893920898			371.712127686
700.0			371.5
700.691101074			371.557769775
702.5			371.848846436
704.0			372.5
705.0			372.5
702.990112305			372.019805908
703.5			371.5
703.5			371.5
704.708740234			371.582519531
706.5			373.0
708.0			373.0
708.5			373.0
707.5			372.0
707.5			371.5
708.5			371.5
711.0			370.5
710.0			369.5
712.5			369.5
711.5			368.5
710.5			367.5
711.5			367.0
712.296447754			364.907073975
710.5			363.5
711.5			363.0
711.5				361.5
710.5			360.0
711.5			359.5
711.5			359.5
711.5			359.5
711.0			359.5
711.0			359.5
711.0			359.5
710.5			359.5
711.5			359.5
712.5			359.5
713.5			360.5
711.5			359.5
711.5			359.5
714.0			360.5
713.5			359.5
713.91973877			361.240753174
714.211547852			360.365386963
714.208312988			358.583343506
715.5			359.5
714.8125			358.5625
717.5			357.5
719.5			358.5
719.5			356.5
718.5			355.5
719.5			354.5
719.5			353.5
719.5			351.5
720.5			350.5
718.5			348.5
717.5			345.5
716.5			343.5
714.5			341.5
711.5			339.5
711.0			338.5
708.5			335.5
705.5			333.5
702.0			330.5
700.0			328.5
694.5			324.5
692.0			322.5
690.0			319.5
686.5			316.5
682.5			313.5
680.5			311.5
680.0			309.5
677.5			308.0
677.0			307.5
675.5			305.5
673.0			305.5
667.5			304.5
667.0			304.5
665.5			304.5
660.5			302.5
658.0			302.5
655.5			301.0
653.0			300.5
650.5			299.5
646.5			297.5
644.5			296.5
643.5			295.5
641.5			294.0
640.5			293.5
639.5			291.5
639.0			290.5
637.5			288.5
639.5			287.0
639.5			287.0
639.5			286.5
638.5			284.5
642.5			283.5
643.5			282.5
645.5			283.0
645.5			282.5
647.0			282.5
648.5			282.5
649.5			282.5
649.5			281.5
651.5			282.5
652.5			282.5
655.5			284.5
656.5			285.0
657.5			286.5
660.0			288.5
662.5			290.5
663.5			292.0
667.0			294.0
669.5			295.5
671.5			297.5
673.5			299.5
675.5			301.5
676.0			303.5
677.5			306.5
677.5			307.5
679.0			309.5
679.5			311.5
679.5			313.5
681.0			315.5
683.5			318.5
685.327575684			321.017242432
687.5			323.5
689.5			325.5
691.5			327.5
693.5			330.0
695.5			333.5
696.5			335.5
697.5			336.5
700.5			340.5
702.5			342.5
704.0			345.5
706.5			347.5
709.5			349.5
712.5			351.5
714.0			354.0
718.5			357.5
720.5			359.5
724.0			361.5
727.0			363.5
727.5			363.5
731.5			365.5
735.5			367.0
738.0			367.0
741.241943359			367.274200439
745.0			367.5
749.0			367.0
753.5			367.0
756.0			367.0
759.5			366.5
763.5			366.5
768.5			367.0
773.0			368.5
776.5			368.5
781.5			369.0
785.5			370.5
788.5			370.5
792.312683105			370.155639648
796.5			370.5
800.5			370.5
802.0			370.5
804.5			370.5
806.5			371.5
808.211547852			372.365386963
810.211547852			372.365386963
812.094604492			372.310821533
813.5			372.0
812.5			370.5
814.5			370.5
817.553222656			369.366912842
815.0			368.5
815.5			366.5
814.0			365.5
814.0			364.5
811.5			363.5
812.5			363.0
811.5			362.5
810.211547852			362.365386963
810.094604492			362.310821533
807.5			360.5
806.5			360.5
806.5			361.0
804.5			361.5
802.5			360.5
799.5			359.5
798.0			359.5
795.5			359.5
789.5			358.5
787.0			359.5
782.5			358.5
781.5			359.5
776.5			360.0
771.0			361.5
767.0			363.5
763.117675781			364.764709473
761.0			363.5
757.5			362.5
754.5			361.0
751.5			360.5
746.5			359.0
743.0			358.5
738.5			358.0
733.0			356.5
728.0			356.5
722.5			355.0
717.0			354.5
712.5			354.5
707.5			354.5
701.5			354.5
697.5			355.0
693.5			355.0
691.5			354.5
687.5			355.0
685.5			355.0
682.5			355.5
679.5			355.5
677.5			355.5
677.5			355.5
676.5			355.5
677.5			355.5
677.5			355.5
678.5			355.5
680.5			355.5
683.5			355.5
685.5			355.5
688.5			355.5
691.5			355.5
694.5			355.5
697.5			355.5
703.5			356.5
707.5			356.5
710.5			356.5
713.5			357.0
718.5			358.0
722.894958496			357.710083008
727.0			358.5
731.0			358.5
735.0			358.5
739.0			358.5
742.5			358.5
745.5			358.5
749.5			359.5
754.894958496			359.710083008
759.5			361.0
763.5			361.0
770.0			361.5
773.5			361.5
778.0			361.5
782.5			360.5
789.5			360.5
794.0			362.0
800.5			363.5
805.0			363.5
811.5			365.0
816.5			365.5
821.307678223			366.384613037
826.5			367.5
829.0			367.5
832.5			367.5
835.5			367.5
839.5			368.5
841.5			368.5
845.5			369.5
846.5			369.5
846.119262695			368.761474609
846.119262695			368.761474609
847.5			368.5
847.5			368.5
845.5			367.5
843.918945312			367.16217041
841.5			366.5
838.5			365.5
835.5			364.5
832.5			363.5
828.5			362.5
825.5			362.5
819.0			361.5
815.0			359.5
811.320495605			358.358978271
807.0			356.0
803.117675781			354.764709473
799.5			352.5
794.5			350.5
789.095031738			348.309906006
784.0			347.5
779.0			346.0
772.5			344.5
767.5			342.5
764.0			342.5
757.5			340.5
752.5			339.5
750.5			339.0
744.5			337.5
739.5			337.5
738.5			337.5
736.0			337.5
730.5			335.5
728.0			335.5
726.5			335.5
724.0			335.5
722.5			335.5
722.0			335.5
722.5			335.5
721.5			336.0
724.0			337.5
723.5			337.5
727.5			338.5
730.0			339.5
731.0			339.5
736.5			340.5
742.0			341.5
747.0			342.5
753.0			342.5
758.5			342.5
764.5			342.5
772.5			342.5
776.913208008			341.173553467
785.5			340.5
791.5			338.5
797.5			336.5
802.5			335.0
804.707336426			333.585357666
807.0			332.5
808.707336426			331.585357666
811.5			331.5
814.5			331.5
817.5			330.5
820.5			329.5
825.696838379			329.106292725
829.0			327.5
834.0			327.0
840.0			326.5
845.5			325.5
853.0			325.5
859.5			325.5
866.5			325.5
875.0			326.5
882.595214844			327.309509277
891.0			328.5
898.0			329.5
907.0			331.0
914.5			332.5
920.520019531			333.959991455
928.0			335.5
935.0			337.5
940.5			339.0
945.0			339.5
950.5			341.5
953.5			341.5
959.5			343.0
964.307067871			344.38583374
969.5			344.5
975.0			345.0
982.0			347.0
989.5			348.5
995.5			349.5
1003.5			351.0
1010.5			352.5
1016.5			353.0
1024.0			354.5
1030.5			356.0
1035.5			356.5
1039.5			357.0
1044.0			358.5
1045.5			358.5
1047.5			358.0
1048.0			358.5
1046.5			358.5
1044.0			357.0
1039.5			356.5
1035.0			355.5
1030.5			355.0
1025.5			354.5
1019.5			353.0
1014.0			352.5
1006.5			351.0
1002.0			351.0
997.0			350.5
990.5			349.5
985.5			348.5
978.0			347.5
972.5			346.5
965.5			345.5
959.0			344.5
949.5			342.5
943.5			341.5
937.696838379			341.106292725
932.0			340.5
925.5			340.0
917.5			337.5
912.5			336.5
905.696838379			335.106292725
899.5			334.5
894.0			333.5
889.0			332.5
883.0			331.5
877.0			329.5
872.5			329.5
866.5			328.5
862.5			327.5
858.5			327.5
853.0			327.5
848.5			327.5
843.5			327.5
839.0			327.5
834.5			326.5
828.5			325.5
825.5			325.5
818.5			323.5
814.0			322.5
805.5			320.5
802.5			319.5
796.5			317.5
792.0			316.5
784.5			314.5
779.0			313.5
772.520019531			311.959991455
766.0			310.5
759.5			309.5
753.0			308.5
747.5			307.5
740.5			305.5
733.5			303.5
726.0			302.0
720.5			301.5
713.5			299.5
705.5			297.5
697.5			296.0
691.5			294.5
684.5			292.5
679.0			290.0
672.0			287.0
667.0			284.5
662.0			282.5
657.5			280.0
653.5			278.0
647.5			275.0
644.5			272.5
642.5			271.0
639.0			269.0
635.5			266.5
631.5			264.5
627.5			261.5
622.5			259.0
619.5			257.0
614.5			254.0
610.5			251.0
606.5			249.0
602.5			247.0
596.5			244.5
592.5			242.5
586.5			241.0
582.5			241.0
577.5			239.0
573.5			239.0
569.5			237.5
564.5			236.0
561.5			235.5
554.5			234.0
551.5			234.0
546.5			233.0
540.5			232.0
533.5			230.0
527.5			230.0
522.818725586			229.720199585
517.008789062			229.798248291
512.5			230.0
504.299987793			230.5
499.5			230.5
496.5			230.5
493.5			230.5
490.5			230.5
488.46673584			230.661514282
485.5			231.5
482.5			232.5
479.5			233.5
476.5			235.5
472.651092529			237.11151123
470.5			238.5
468.5			240.5
467.548706055			242.58996582
467.5			245.0
469.72366333			248.159500122
471.5			250.5
475.72366333			254.159500122
477.5			256.5
479.5			259.5
481.5			262.5
482.5			265.5
484.5			268.5
484.5			270.5
488.5			274.5
488.5			276.5
494.622344971			281.132965088
495.5			283.5
498.5			287.5
501.5			291.5
503.5			295.5
507.5			299.5
509.5			302.5
512.5			305.5
513.5			307.5
518.5			311.5
521.5			315.5
523.5			318.5
525.5			322.5
528.5			324.5
531.5			328.5
533.5			330.5
535.5			332.5
540.386657715			335.453338623
545.5			337.5
549.5			339.5
553.5			341.5
558.5			343.5
563.5			345.5
567.5			347.5
572.0			348.5
575.5			349.5
580.5			351.5
584.5			353.5
590.5			355.0
595.5			356.5
601.0			358.5
605.0			360.0
606.5			360.5
611.5			362.5
613.5			364.0
617.5			366.0
618.5			367.5
620.5			368.5
624.0			370.0
625.5			371.5
628.5			373.0
629.5			374.5
632.5			375.5
636.0			377.5
638.5			378.5
640.5			379.0
643.0			380.5
646.0			381.5
649.5			382.5
650.5			382.5
654.5			383.5
656.523803711			383.952392578
660.5			384.5
661.5			384.5
663.5			384.5
663.5			386.5
667.0			387.5
667.5			388.5
669.5			389.5
669.12121582			390.757568359
672.5			392.0
672.5			391.5
674.5			392.5
677.5			394.0
677.5			392.5
678.5			394.5
679.5			394.5
682.5			395.5
683.5			396.5
685.5			396.5
685.709655762			397.580657959
686.5			398.5
688.5			399.5
689.5			399.5
689.5			399.5
690.5			399.5
689.5			398.5
692.5			397.5
692.5			395.5
693.5			393.5
695.12121582			392.757568359
695.5			390.5
697.526306152			389.947357178
698.5			388.5
697.5			386.5
699.87878418			386.242431641
700.5			385.5
701.213256836			383.360290527
701.5			381.5
703.87878418			380.242431641
703.12121582			378.757568359
705.5			376.5
706.920776367			375.158416748
707.5			372.5
707.5			370.5
709.5			369.5
709.5			367.5
710.5			366.0
710.708740234			363.582519531
713.5			363.5
711.5			360.5
714.5			359.5
714.5			357.5
714.732849121			354.801361084
719.5			352.5
718.291259766			349.417480469
719.5			346.5
722.5			344.5
722.708740234			341.582519531
725.5			339.5
727.5			337.5
729.5			335.5
731.5			333.5
733.5			330.0
735.5			327.5
736.0			325.5
738.5			323.5
738.0			321.5
740.0			319.5
740.880737305			318.238525391
742.5			317.5
741.0			314.5
744.0			314.0
746.5			312.5
749.5			310.5
752.5			309.5
756.5			308.5
758.119262695			306.761474609
765.5			306.5
771.5			306.5
775.5			306.5
779.5			305.5
786.5			306.5
791.5			306.5
798.5			306.5
802.5			306.5
807.5			306.5
812.5			305.5
817.0			305.5
821.5			304.5
825.5			304.5
830.5			303.5
833.5			302.5
839.5			302.5
844.5			302.5
850.5			302.5
856.5			302.0
859.5			301.5
865.5			301.5
870.5			301.5
875.5			301.5
878.5			300.5
885.5			301.5
887.5			301.5
892.5			302.5
896.5			303.5
901.5			304.5
902.5			304.5
905.5			305.5
909.5			306.5
911.5			307.5
913.5			308.5
915.5			310.5
917.5			312.5
921.5			314.5
921.5			315.5
922.5			316.5
924.5			319.5
926.0			320.5
926.5			322.5
925.5			323.5
926.5			325.5
926.5			326.5
926.5			328.5
925.5			329.5
926.5			331.5
925.5			333.5
925.5			335.5
924.5			337.5
924.5			339.5
924.5			341.5
924.5			342.5
921.5			343.5
920.5			345.5
917.5			347.5
916.5			349.5
914.5			351.5
913.5			353.5
911.5			356.5
910.5			359.0
906.5			361.5
904.922546387			364.232391357
903.5			366.5
901.5			368.5
898.5			369.5
894.5			370.5
894.5			372.5
891.5			372.5
889.0			372.5
887.0			373.5
883.5			374.5
881.5			375.5
880.5			376.5
877.5			377.5
877.0			378.5
875.0			377.5
873.0			378.5
870.5			379.0
870.5			380.5
867.5			380.5
865.5			380.5
864.5			380.5
863.5			380.5
863.0			380.5
859.5			378.5
859.0			376.5
856.5			372.5
854.5			370.5
851.5			368.5
848.5			367.5
844.5			365.5
841.5			363.5
838.5			361.5
838.5			359.5
837.5			357.5
834.5			355.5
832.5			353.5
829.5			350.5
827.5			349.5
826.5			347.5
822.0			346.5
822.5			345.5
817.5			344.280487061
815.0			342.5
813.0			342.304870605
810.5			341.5
809.0			341.5
808.5			340.231719971
805.5			340.5
806.0			341.267456055
807.5			342.5
807.5			344.299987793
808.0			346.277770996
808.5			347.5
806.5			347.5
808.0			349.5
805.5			350.5
805.5			351.5
803.5			352.5
801.5			354.5
801.5			356.5
799.5			356.5
799.5			358.0
797.5			359.5
795.5			359.5
793.5			360.5
793.5			362.5
791.5			363.5
789.5			366.5
787.5			368.5
787.5			370.5
785.707946777			371.584075928
785.521728516			373.956512451
786.5			375.5
785.5			376.5
782.5			377.5
782.5			379.5
781.5			380.5
782.5			382.5
783.5			383.5
785.5			382.5
787.5			382.5
791.5			381.5
795.521728516			379.956512451
797.5			378.5
801.5			377.5
804.5			376.5
807.5			375.5
810.296447754			374.907073975
812.5			374.5
815.5			374.5
816.5			373.0
818.5			372.5
819.5			372.5
820.5			371.0
822.5			370.5
824.5			370.5
825.5			369.5
826.5			368.5
827.5			368.5
829.5			368.5
830.0			368.5
832.5			368.5
832.5			367.5
832.5			368.0
833.5			367.5
834.0			367.5
833.035705566			365.892852783
834.0			365.5
832.5			364.5
835.213256836			365.360290527
835.213256836			365.360290527
835.5			365.5
835.5			365.5
838.5			366.5
836.0			364.5
835.5			364.5
837.5			364.5
838.5			364.5
838.5			364.5
839.0			364.5
838.5			364.5
840.5			364.5
842.5			364.5
844.5			364.5
845.5			363.5
846.5			362.0
848.5			361.5
851.5			359.5
853.5			359.5
854.5			358.5
857.0			359.0
858.5			359.5
859.5			359.5
860.5			359.5
860.5			359.5
861.290344238			359.419342041
862.5			359.5
861.5			359.5
862.5			358.5
862.5			357.5
860.5			355.5
861.5			353.5
864.5			353.5
864.5			352.5
865.5			351.5
865.5			351.5
866.5			351.5
867.290344238			351.419342041
867.290344238			351.419342041
869.5			351.5
870.5			350.5
872.5			350.0
871.290344238			347.419342041
871.564941406			344.837677002
873.5			342.5
875.5			340.5
875.578125			336.84375
875.5			334.5
877.5			331.5
879.5			328.5
881.5			325.5
882.513366699			321.91986084
881.5			317.5
885.5			314.5
885.5			310.5
886.5			306.5
886.5			303.5
888.5			300.5
889.5			297.290710449
889.270751953			293.99029541
890.5			291.5
890.683776855			288.121734619
891.5			285.5
892.000671387			282.244262695
889.5			278.5
890.5			275.5
889.434204102			273.263153076
887.5			270.5
889.5			268.5
889.067810059			265.309051514
887.5			262.5
888.555664062			261.082733154
887.5			259.5
887.5			258.5
886.5			257.5
886.5			257.5
887.5			258.5
883.5			258.5
883.387451172			259.450256348
882.5			260.5
882.5			263.5
879.5			264.5
878.5			265.5
875.5			267.5
875.5			270.5
871.5			271.5
871.5			274.5
868.5			277.5
865.5			279.5
863.122253418			282.955322266
859.5			285.5
858.5			288.5
857.5			291.5
855.5			293.5
852.5			295.5
852.5			298.5
850.5			300.5
848.811401367			303.164520264
848.112792969			305.291503906
843.5			306.5
842.5			308.5
839.151489258			309.696960449
839.5			310.5
838.5			312.5
839.5			314.5
837.5			316.5
834.811401367			317.164520264
834.5			318.5
833.578918457			320.842102051
834.5			323.5
832.195922852			325.890319824
832.5			328.5
831.213256836			331.360290527
830.5			333.5
827.5			336.5
826.5			338.5
826.5			341.5
827.33581543			344.992523193
824.5			347.5
826.811401367			351.164520264
823.5			353.5
823.5			356.5
822.5			359.5
819.709655762			361.580657959
819.709655762			363.580657959
820.5			365.5
820.5			366.5
822.0			367.5
822.0			367.5
822.0			367.5
822.5			367.5
821.5			367.5
822.5			367.5
822.5			366.5
824.0			366.5
824.0			366.5
825.5			366.5
823.5			366.5
824.5			366.5
826.5			367.5
828.5			367.5
826.5			366.5
828.5			365.5
828.5			364.5
830.5			363.5
831.5			362.5
831.5			361.5
832.5			359.5
831.5			358.5
832.5			357.5
834.5			357.5
832.5			355.5
833.5			353.5
833.5			352.5
830.5			350.5
827.5			351.5
824.211547852			352.365386963
815.521728516			351.956512451
810.5			352.5
803.5			352.0
799.5			353.0
793.5			353.5
786.917358398			353.165283203
779.5			352.0
774.0			352.5
766.0			352.5
759.5			352.5
751.5			352.5
745.5			352.5
738.5			352.5
732.5			352.5
727.5			351.5
722.707336426			351.585357666
720.5			351.5
716.5			351.5
713.5			353.0
708.5			353.5
705.5			353.5
701.5			353.5
697.5			353.5
692.520019531			353.959991455
688.5			354.5
686.5			355.5
683.5			355.5
679.5			355.5
676.116271973			356.767456055
675.5			357.5
673.5			357.5
670.5			355.5
668.5			355.5
668.5			355.5
666.50970459			355.053405762
665.252319336			354.888366699
665.5			355.5
665.5			355.5
665.5			355.5
666.5			355.5
667.5			355.5
667.5			355.5
669.5			355.5
671.5			357.5
673.5			357.5
675.5			357.5
677.5			357.5
680.307067871			358.38583374
684.307067871			358.38583374
685.5			357.5
689.5			357.5
693.5			357.5
696.5			357.5
700.5			357.5
703.5			357.5
706.5			357.5
710.5			358.5
714.5			359.5
718.5			360.5
721.5			360.5
726.5			361.5
730.5			361.5
735.5			361.5
741.5			361.5
745.5			361.5
750.5			361.5
754.5			362.5
758.5			362.5
763.5			361.5
770.5			362.5
775.5			360.5
782.5			360.5
788.5			360.5
793.5			359.5
797.5			359.5
802.5			359.5
806.5			359.5
810.5			359.5
815.5			360.5
817.5			361.5
820.5			362.5
824.5			365.0
828.307067871			366.38583374
831.5			366.5
836.5			368.0
840.5			368.5
844.5			368.5
848.5			369.0
852.5			368.5
857.5			369.5
860.5			369.0
865.5			370.0
869.5			370.0
874.0			370.5
876.5			370.0
878.5			369.0
883.0			369.0
885.5			368.5
889.5			368.0
891.5			366.5
894.5			366.5
897.5			366.5
900.5			366.5
903.5			366.5
905.5			366.5
908.0			366.5
907.5			364.5
909.5			365.5
912.5			366.0
913.5			365.5
914.0			364.5
915.0			364.5
916.5			364.5
916.5			362.5
915.5			361.5
917.5			360.5
915.5			360.5
911.5			360.5
907.5			360.5
904.5			361.5
899.5			360.5
897.0			360.5
894.520019531			359.959991455
893.0			358.5
890.913208008			357.173553467
888.913208008			355.173553467
888.196716309			354.106567383
885.5			352.5
882.5			351.0
880.196716309			350.106567383
875.5			349.0
871.5			348.5
867.5			347.5
867.5			346.5
864.5			345.5
863.5			344.5
861.565063477			344.304748535
859.0			342.5
856.5			342.5
851.5			342.5
846.0			342.5
842.0			342.5
837.5			340.5
833.5			340.5
828.0			340.5
822.5			340.5
819.5			342.5
814.0			342.5
811.5			344.5
806.5			344.5
803.5			344.5
800.5			344.5
796.5			344.5
792.5			344.5
788.0			344.0
781.5			343.5
774.5			342.5
766.5			340.5
761.0			340.0
753.5			338.5
747.5			338.5
740.0			338.5
731.5			338.0
722.5			337.0
718.0			338.5
711.5			338.5
706.5			337.5
702.5			337.5
697.5			336.5
694.5			335.5
691.5			335.5
690.5			335.5
688.5			335.5
688.5			335.5
688.5			335.5
687.5			333.5
689.5			331.5
694.5			331.5
697.5			330.5
701.5			330.5
705.5			331.5
709.5			330.5
714.5			329.5
720.5			329.5
723.5			327.5
728.5			327.5
732.0			327.5
737.0			327.5
740.0			325.5
745.0			325.5
748.0			323.5
752.707336426			321.585357666
759.5			321.5
762.5			319.5
767.5			319.5
771.5			319.5
773.5			318.5
780.5			319.5
783.5			319.5
788.0			320.0
795.0			321.5
799.5			321.5
801.5			320.5
805.5			320.0
810.0			320.0
813.0			319.5
818.5			319.5
820.5			319.5
824.5			318.5
827.5			317.5
831.5			317.5
835.5			315.5
840.0			315.5
845.0			315.5
848.5			313.5
854.520019531			313.959991455
859.5			313.5
865.0			313.0
868.5			311.5
874.0			311.5
880.5			311.5
884.416687012			310.166656494
889.0			309.5
893.5			309.5
898.307067871			308.38583374
900.5			306.5
906.5			305.5
911.0			304.5
915.895324707			303.709289551
920.5			303.0
925.5			302.5
931.5			302.5
936.5			301.5
940.116271973			300.767456055
946.0			300.5
949.895324707			299.709289551
955.0			299.5
960.5			299.5
965.5			299.5
969.0			299.5
973.916015625			299.167938232
977.5			298.5
981.5			298.5
985.5			298.5
989.0			298.5
993.5			298.5
999.0			298.5
1004.5			297.5
1009.0			297.5
1010.5			296.5
1013.5			295.5
1018.0			293.5
1021.91601562			293.167938232
1026.5			292.5
1029.5			292.0
1031.5			290.5
1035.5			290.5
1037.5			289.0
1041.5			288.5
1043.41540527			288.169128418
1044.5			286.0
1048.0			286.5
1049.71801758			285.563903809
1051.5			284.5
1051.51855469			283.96295166
1051.71801758			283.563903809
1053.0			282.5
1055.30651855			282.386871338
1056.5			280.5
1059.71801758			279.563903809
1062.0			278.5
1067.5			277.5
1072.5			278.0
1076.5			277.0
1081.5			278.0
1087.5			278.5
1093.5			279.0
1099.0			280.5
1103.0			280.5
1106.5			280.5
1109.30651855			280.386871338
1111.30651855			280.386871338
1114.5			280.5
1114.5			279.5
1117.5			279.0
1118.5			278.5
1117.36132812			277.277374268
1114.5			275.5
1114.0			275.0
1110.5			273.5
1108.5			273.0
1104.0			271.5
1101.5			271.0
1098.0			270.5
1093.21740723			268.565216064
1089.5			267.0
1086.0			266.5
1080.5			264.5
1075.30651855			262.386871338
1070.5			260.5
1065.5			259.0
1059.5			257.5
1055.5			255.5
1052.5			255.0
1048.5			253.0
1044.5			251.0
1039.5			248.0
1035.0			246.0
1031.0			244.5
1026.5			242.5
1022.5			241.0
1018.0			238.5
1013.0			236.5
1010.0			236.5
1005.5			235.0
1000.5			234.0
995.5			232.5
991.5			230.5
987.0			230.5
982.095397949			229.761566162
976.59588623			227.30821228
970.5			225.5
966.266906738			225.466217041
959.0			222.5
954.5			222.5
949.5			222.0
941.910583496			221.17880249
938.016662598			220.966659546
933.5			220.5
926.5			219.5
920.016662598			218.966659546
913.5			218.5
905.5			218.5
899.910583496			219.17880249
893.910583496			219.17880249
886.5			219.0
881.910583496			219.17880249
876.5			220.5
869.910583496			221.17880249
867.0			223.0
860.5			223.0
856.114074707			224.77180481
850.5			225.5
844.5			227.0
840.206054688			228.587844849
835.5			230.0
830.316345215			232.367340088
826.0			235.5
820.5			237.0
814.614562988			239.770828247
810.5			242.5
804.5			244.5
800.5			247.5
797.5			250.5
793.5			252.5
791.5			255.5
787.5			258.5
784.5			260.5
785.0			263.5
782.5			266.0
780.877075195			268.368865967
780.044311523			270.822784424
778.5			273.5
777.5			275.5
777.027770996			277.916656494
777.5			280.5
779.5			283.5
780.5			286.5
780.5			289.0
783.5			292.5
786.198608398			295.630126953
788.0			298.5
788.5			300.5
792.0			304.0
792.5			306.5
795.5			309.5
797.5			311.5
799.5			313.5
801.5			315.5
803.5			317.5
805.5			319.5
807.5			321.5
811.0			323.0
814.0			324.5
816.5			326.5
821.5			328.5
825.625			330.125
829.5			331.5
832.5			332.5
836.5			334.5
840.5			336.5
847.5			339.5
851.5			340.5
856.0			342.5
861.0			344.5
865.0			346.5
868.0			347.5
873.5			349.5
877.0			350.0
882.0			351.5
885.521728516			351.956512451
889.5			353.0
894.0			353.5
897.0			353.5
902.5			355.0
906.0			355.5
911.0			356.5
914.0			357.0
918.0			357.5
921.618408203			357.763153076
926.5			358.5
930.5			358.5
934.5			359.0
938.5			359.0
942.0			359.5
945.5			359.5
949.0			359.5
952.5			359.5
956.0			359.5
960.5			359.5
962.5			359.5
967.5			358.5
968.5			357.5
972.5			357.0
975.0			355.5
978.5			355.5
982.5			355.5
985.0			355.5
989.0			355.5
991.5			355.5
996.5			355.0
998.5			353.5
1001.41381836			352.172424316
1006.5			351.5
1009.5			349.5
1014.5			349.5
1017.5			347.5
1022.5			346.0
1026.5			344.5
1030.5			342.5
1036.0			342.5
1040.9173584			341.165283203
1044.71948242			339.560974121
1049.5			338.5
1052.5			337.5
1055.5			336.5
1057.0			335.5
1062.5			334.5
1063.5			332.5
1066.5			330.5
1068.5			329.0
1070.5			327.5
1072.52001953			325.959991455
1074.47998047			325.040008545
1074.5			323.5
1076.5			322.5
1075.0			320.5
1077.0			320.5
1078.5			319.5
1077.5			318.5
1077.5			317.5
1075.5			315.5
1074.5			314.5
1073.5			314.5
1071.5			313.5
1070.0			312.5
1066.11633301			310.767456055
1064.88366699			310.232543945
1062.01928711			308.961547852
1058.09545898			306.309173584
1054.0			304.5
1049.5			302.5
1044.11633301			300.767456055
1041.5			299.5
1037.5			298.5
1032.5			296.5
1028.27416992			294.177429199
1022.79571533			291.612915039
1021.19049072			291.023803711
1014.0			287.5
1012.0			286.5
1007.5			284.5
1002.0			282.5
997.5			280.5
990.0			277.5
986.855163574			276.434417725
981.190490723			275.023803711
974.019226074			272.961547852
969.5			272.0
960.5			269.0
955.5			268.5
949.0			266.5
943.0			264.5
938.5			263.0
931.5			261.0
926.561218262			260.163452148
921.5			259.0
915.0			257.0
909.5			255.0
901.5			252.5
895.177978516			251.466094971
889.0			250.5
882.0			249.0
876.0			248.0
869.5			247.0
860.5			245.0
850.5			243.0
845.5			242.0
837.370422363			240.250701904
830.5			239.0
823.5			239.0
816.877075195			238.368850708
811.343994141			237.94708252
803.5			237.0
796.5			236.0
789.5			236.0
784.0			236.0
776.770263672			236.689193726
770.563476562			237.309524536
762.526306152			237.421051025
754.473815918			237.578536987
747.5			239.0
740.5			239.0
732.324768066			240.025772095
726.269226074			240.192306519
720.5			241.0
717.5			243.0
710.5			243.5
706.0			245.5
701.5			247.5
697.5			249.5
693.5			251.0
691.0			253.5
687.0			255.5
683.5			257.0
679.0			258.5
675.5			260.5
672.5			262.5
671.5			266.5
671.0			270.5
671.0			273.5
671.0			276.5
672.5			280.0
672.5			282.5
676.5			286.5
677.5			289.0
679.0			292.5
683.5			296.5
685.5			299.5
687.5			301.5
690.5			305.5
691.5			307.5
693.5			309.5
694.5			312.5
696.5			315.5
697.5			318.5
697.327575684			321.017242432
698.5			323.5
699.5			325.5
703.5			329.5
702.5			331.5
706.5			335.5
709.5			339.0
711.5			342.5
716.0			345.5
719.0			348.5
722.0			350.5
724.5			351.5
727.5			353.5
732.0			355.5
734.0			357.5
737.5			359.5
741.0			361.0
746.0			362.5
751.5			364.5
753.914428711			365.171173096
757.5			366.5
761.0			366.5
765.5			368.5
768.5			369.5
772.32244873			372.355133057
776.67755127			373.644866943
780.0			375.5
782.5			376.5
786.32244873			378.355133057
789.5			378.5
791.5			379.5
795.0			381.5
799.5			383.5
801.5			383.0
806.308410645			384.383178711
808.5			382.5
811.5			383.5
815.5			381.5
816.920776367			381.158416748
818.920776367			381.158416748
820.920776367			381.158416748
821.5			379.5
823.12121582			378.757568359
824.5			378.5
826.5			378.5
828.5			378.5
826.708740234			377.582519531
830.523803711			377.952392578
830.5			376.5
832.796142578			376.407775879
833.5			375.5
834.5			374.5
836.5			374.5
835.5			372.5
835.5			372.5
836.893920898			371.712127686
836.5			371.5
835.5			370.5
835.5			369.5
834.5			368.5
835.5			367.0
836.922546387			366.232391357
835.5			363.5
835.5			361.5
834.5			358.5
832.708740234			355.582519531
833.5			353.5
830.5			349.5
829.5			347.5
829.5			345.5
829.0			343.5
826.5			340.5
824.5			338.5
826.5			338.5
824.5			336.5
823.5			335.5
823.5			333.5
824.331176758			332.006500244
824.5			329.5
823.5			326.5
822.5			325.5
820.5			323.5
819.5			321.5
820.5			321.5
817.5			318.5
819.5			317.5
817.5			315.5
816.5			313.5
815.5			312.5
814.5			310.5
814.5			308.5
814.5			307.5
812.5			304.5
813.0			302.5
812.242858887			300.27142334
814.5			298.5
812.5			297.5
812.5			295.5
813.5			295.0
812.271728516			293.91305542
811.0			291.5
811.5			291.5
812.0			289.5
811.0			288.5
813.0			287.5
813.5			286.0
812.5			284.5
812.116271973			282.767456055
813.5			282.0
812.5			280.5
812.5			279.0
812.5			278.5
813.0			278.5
812.5			277.0
812.5			276.5
812.5			276.5
812.5			276.5
812.5			276.5
812.5			276.5
812.5			276.5
812.5			277.0
812.5			278.0
812.272949219			277.908294678
810.5			278.5
811.5			280.0
808.5			280.5
810.5			282.0
807.5			282.5
805.0			283.0
804.5			284.5
804.5			286.0
805.0			287.5
801.5			287.5
802.5			289.5
800.5			291.5
800.0			293.5
802.5			296.0
800.5			296.5
797.565063477			298.304748535
797.772705078			299.68182373
795.5			300.5
796.5			302.5
794.5			304.5
794.5			305.5
791.91973877			307.240753174
790.5			308.5
790.5			310.5
787.5			312.0
786.5			314.5
785.5			316.0
786.5			319.0
784.0			321.0
783.5			323.0
784.119262695			324.761474609
783.5			326.5
782.0			328.5
782.5			330.5
782.628356934			331.114868164
783.5			332.5
783.0			333.5
780.208312988			334.583343506
781.0			336.5
782.0			338.5
781.5			340.5
781.0			340.5
781.5			342.5
781.160827637			344.356781006
778.5			344.5
781.5			346.5
781.0			348.5
782.0			350.5
781.5			352.0
780.0			352.5
781.0			354.5
782.0			356.5
782.0			358.5
782.0			359.5
779.5			360.5
781.5			362.0
782.0			364.0
783.0			365.5
782.5			366.5
785.5			368.0
784.5			368.5
787.5			369.5
787.5			369.5
787.5			370.5
786.5			370.5
791.0			372.5
789.5			371.5
791.5			371.5
792.5			370.5
793.5			370.5
794.5			370.5
793.5			368.5
794.0			368.5
795.5			367.5
796.5			365.5
796.5			364.5
796.5			362.5
796.5			362.5
797.5			361.5
797.5			361.5
797.5			359.5
796.5			359.5
796.5			357.5
796.5			356.5
796.5			355.5
795.5			356.0
795.5			354.5
794.5			353.0
794.5			351.5
794.0			350.0
793.5			347.5
791.5			345.5
791.5			343.5
793.5			343.0
791.5			341.5
792.0			339.5
791.5			337.5
789.5			336.0
790.5			335.5
791.5			333.5
790.5			333.5
791.5			331.5
792.0			328.5
790.5			326.5
792.5			324.5
793.5			322.5
795.5			321.5
795.5			318.0
793.5			315.0
796.0			312.5
796.0			310.5
795.5			308.5
794.5			305.5
795.5			302.5
794.5			299.5
793.5			297.5
791.5			295.5
793.5			293.5
792.5			292.0
793.0			290.0
793.0			288.0
793.0			284.5
794.0			282.5
795.0			280.5
795.0			278.5
796.5			276.5
797.0			275.5
799.0			274.0
797.5			273.0
798.5			273.0
799.5			272.5
799.5			271.0
798.5			270.0
801.5			269.0
799.5			268.0
800.5			268.0
800.5			267.5
802.0			266.0
802.0			266.0
802.5			266.0
802.5			266.0
802.5			266.0
801.5			265.5
800.5			266.5
801.5			267.0
801.0			268.0
799.5			269.0
798.095397949			270.309173584
797.706787109			271.586456299
798.0			272.5
797.5			275.0
798.29699707			276.906005859
795.706787109			277.586456299
795.912231445			279.175567627
796.5			280.5
796.116271973			282.767456055
796.5			285.0
796.116271973			286.767456055
796.116271973			288.767456055
796.5			291.5
796.5			293.5
796.520019531			295.959991455
796.707336426			297.585357666
795.5			300.0
797.5			303.0
795.5			305.5
797.5			308.5
794.707336426			309.585357666
795.207641602			310.584747314
793.5			312.5
793.855834961			315.432525635
793.5			317.5
793.5			319.5
790.5			320.5
792.0			321.5
791.5			323.5
791.5			325.5
791.5			327.5
790.0			327.5
789.0			329.5
792.0			332.5
791.5			333.5
791.5			334.5
790.5			335.5
792.0			337.5
792.0			338.5
792.0			340.5
792.208312988			342.583343506
791.020202637			344.696533203
793.5			348.5
793.5			350.5
794.5			352.5
794.119262695			354.761474609
794.32244873			356.355133057
794.620178223			357.759613037
793.0			358.5
793.5			360.0
793.5			361.5
793.5			362.0
793.5			363.5
794.5			364.5
793.5			365.5
792.567138672			367.29864502
792.775878906			368.672424316
792.708740234			369.582519531
793.5			371.5
794.5			373.0
793.5			374.0
792.5			375.5
791.5			375.5
789.5			376.0
787.5			377.5
786.5			379.5
785.5			381.5
783.5			382.0
781.5			384.0
779.5			385.5
776.5			386.0
774.32244873			386.355133057
773.5			385.5
772.5			384.0
772.5			384.0
772.5			383.5
772.523803711			381.952392578
774.5			381.5
776.5			381.5
778.119262695			380.761474609
781.5			381.0
783.5			379.5
786.5			378.5
788.5			377.5
790.5			377.5
794.5			377.5
795.5			376.0
797.918945312			375.16217041
801.5			375.0
803.5			373.5
805.5			372.0
806.119262695			370.761474609
810.0			370.0
811.5			369.5
813.5			367.5
815.5			366.5
815.5			364.5
818.5			364.5
819.0			362.5
821.918945312			363.16217041
823.5			362.0
823.5			360.5
826.0			360.5
825.5			358.5
827.5			358.5
827.5			357.5
828.5			356.5
829.721252441			355.557525635
830.5			354.5
832.5			352.5
832.5			350.5
833.521728516			349.956512451
834.0			348.5
836.0			346.5
836.0			345.5
837.5			343.5
837.117675781			342.764709473
837.117675781			340.764709473
838.0			338.5
839.5			336.5
841.307678223			336.384613037
841.117675781			334.764709473
841.207641602			332.584747314
843.5			331.5
843.0			330.5
843.5			328.5
843.5			326.5
843.5			325.5
846.5			324.5
845.5			322.5
846.819702148			321.360656738
849.5			320.5
849.0			317.5
849.5			315.5
850.0			315.5
850.0			313.5
848.5			311.5
846.5			310.5
846.116271973			308.767456055
846.5			307.5
845.5			306.5
842.5			304.5
842.5			303.5
841.5			302.5
836.5			299.5
835.0			298.5
833.0			297.0
829.518493652			295.96295166
828.5			294.5
824.5			292.5
819.0			290.5
817.0			289.5
813.317504883			288.364959717
810.5			287.5
806.5			287.5
800.5			286.5
795.5			286.0
790.5			286.0
784.0			285.5
778.0			284.5
772.5			284.0
764.5			283.5
758.0			282.5
750.895690918			281.708618164
743.5			280.5
737.09576416			280.308502197
730.5			280.0
722.911376953			279.177307129
716.0			279.0
709.0			278.5
704.5			278.5
695.0			277.0
689.5			276.5
683.5			276.5
679.5			276.5
674.0			276.5
669.5			276.5
667.5			277.5
664.5			278.0
660.5			277.0
658.5			278.0
656.5			278.5
656.5			279.0
657.5			280.5
657.0			281.0
659.5			282.5
660.5			282.5
663.5			284.5
666.5			286.0
669.5			287.5
674.0			289.5
677.0			291.0
679.5			292.5
682.5			294.5
685.0			296.5
689.5			298.0
689.5			299.0
691.5			300.5
695.5			303.5
699.5			305.5
705.5			308.5
707.5			311.5
710.0			313.5
714.273681641			316.315795898
718.5			319.5
723.0			323.5
727.0			326.5
732.5			330.5
737.5			333.5
743.0			335.5
747.855834961			337.432525635
751.0			338.5
757.0			341.5
761.5			343.5
765.5			345.5
769.5			346.5
773.5			348.5
778.5			349.5
782.5			350.5
786.0			352.5
788.0			352.5
790.5			353.5
794.5			355.0
798.0			356.5
802.5			357.5
804.5			358.5
809.0			360.5
812.5			362.0
815.5			362.5
819.894470215			363.710998535
821.707946777			363.584075928
827.5			364.5
833.0			365.5
837.5			366.0
842.5			366.0
847.0			366.0
851.0			366.0
855.5			366.0
859.5			366.5
863.5			366.5
867.0			366.5
871.0			366.5
873.5			366.5
877.918945312			367.16217041
879.5			366.5
882.752807617			366.868041992
885.918945312			367.16217041
887.0			366.5
887.5			366.0
887.5			364.5
886.29486084			363.115386963
886.5			362.5
887.5			362.5
886.5			362.5
886.5			362.5
886.0			362.5
884.5			361.5
886.0			361.5
887.0			361.5
888.296447754			360.907073975
890.5			359.5
892.5			359.5
896.5			358.5
899.5			357.5
901.5			356.5
902.5			354.5
904.5			352.5
905.5			352.5
906.0			350.5
905.0			348.5
903.5			347.5
901.5			345.5
897.0			344.5
893.0			343.5
889.41809082			342.163787842
885.0			341.5
881.0			339.5
876.0			338.5
872.0			337.5
868.5			336.5
866.5			336.0
860.5			334.5
858.5			334.5
853.5			332.5
851.5			332.5
848.5			331.5
844.0			330.5
841.5			330.5
837.5			328.5
833.5			328.5
830.5			327.5
827.0			326.5
822.5			325.5
819.5			324.5
815.5			324.5
811.5			323.5
807.5			323.5
803.5			323.5
798.5			323.5
794.5			323.5
788.5			323.5
784.0			323.0
780.5			323.0
773.0			321.5
768.707336426			321.585357666
762.707336426			321.585357666
758.0			321.5
753.5			321.5
748.5			321.5
743.5			321.5
738.5			321.5
733.5			321.5
728.0			321.5
724.0			321.5
719.5			321.5
715.5			321.5
709.5			321.5
707.5			322.5
704.5			323.5
700.5			323.5
696.5			323.5
692.5			323.5
689.5			323.5
686.5			323.5
684.5			323.5
680.5			323.5
678.0			323.5
677.0			323.5
675.0			323.5
673.0			323.5
670.5			323.5
671.0			323.5
670.5			323.5
669.5			323.5
670.0			323.5
672.5			323.5
674.5			323.5
677.5			324.0
680.5			324.5
687.5			325.5
689.5			324.0
694.5			323.5
698.707336426			323.585357666
704.0			323.5
708.707336426			323.585357666
714.707336426			323.585357666
719.5			323.5
725.5			323.5
731.5			323.5
738.5			323.5
744.616943359			323.766143799
751.5			323.5
757.5			323.5
762.5			323.5
768.5			323.5
772.707336426			323.585357666
780.5			324.5
786.5			324.5
794.5			326.5
801.5			326.5
806.5			326.5
814.5			328.5
821.0			328.5
830.0			329.5
837.5			330.5
844.5			331.5
850.5			331.5
855.5			331.5
862.807373047			333.385253906
867.0			333.5
873.5			335.0
879.0			335.5
883.5			335.5
888.5			336.5
892.5			336.5
897.0			337.5
900.5			337.5
904.5			339.0
909.5			339.5
912.894958496			339.710083008
916.5			341.5
918.5			341.5
919.5			341.5
919.5			341.5
918.5			341.5
916.917358398			341.165283203
912.5			339.5
909.5			339.5
905.5			337.5
901.113464355			336.773101807
897.5			335.5
892.5			334.0
887.5			333.0
884.5			332.5
881.0			331.5
877.0			330.5
871.095031738			328.309906006
866.807373047			327.385253906
861.5			326.5
856.0			325.5
851.0			324.5
845.020812988			322.958343506
840.196716309			322.106567383
